

1502001



1502002



1502003



1502004



1502101

150210110
150210112
150210116
150210117
150210118
150210120
150210126


1502102

150210211
150210223
150210227


1502103

150210310
150210312
150210315
150210316
150210317
150210328


1502104



1502201

150220110
150220111
150220114
150220115
150220120
150220121
150220123
150220125
150220129


1502202

150220211
150220212
150220215
150220216
150220217
150220219
150220227
150220228
150220230


1502203

150220310
150220314
150220319
150220320
150220321
150220324
150220326


1502204

