

1513001



1513002



1513003



1513004



1513101

151310112
151310113
151310116
151310120
151310121
151310122
151310123
151310126
151310129


1513102

151310213
151310216
151310217
151310224
151310225
151310226
151310228
151310229
151310230


1513103

151310320
151310323
151310325
151310326
151310328
151310330


1513104

151310415
151310417
151310418
151310420
151310421
151310424
151310425
151310428


1513201

151320110
151320113
151320114
151320116
151320118


1513202

151320212
151320213
151320214
151320215
151320223
151320228
151320229
151320230


1513203

151320312
151320313
151320315
151320316
151320317
151320321
151320323


1513204

151320417
151320419
151320422
151320423
151320426
