

1602001

160200118
160200122
160200126
160200127


1602002

160200215
160200216
160200217
160200225
160200226
160200228


1602003

160200310
160200311
160200312
160200313
160200316
160200321
160200324
160200325
160200326
160200327
160200330


1602004

160200423


1602101

160210111
160210115
160210117
160210120
160210122
160210128
160210129


1602102

160210211
160210214
160210215
160210219
160210222
160210229


1602103

160210311
160210312
160210314
160210315
160210316
160210317
160210321
160210323
160210330


1602104



1602201

160220121
160220126
160220129


1602202

160220212
160220213
160220215
160220216
160220223
160220224
160220226
160220230


1602203

160220315
160220316
160220317
160220326
160220327
160220329
160220330


1602204

