

1607001

160700117
160700122
160700125
160700126


1607002

160700212
160700213
160700214
160700223
160700224
160700226


1607003

160700310
160700314
160700321
160700324
160700326


1607004



1607101

160710113
160710115
160710116
160710121
160710126
160710127


1607102

160710216
160710220
160710221
160710225


1607103

160710315
160710317
160710320
160710327
160710328


1607104



1607201

160720112
160720114
160720116
160720118
160720119
160720123
160720124
160720126
160720127
160720128
160720129


1607202

160720211
160720212
160720213
160720216
160720217
160720221
160720222
160720226
160720227
160720228
160720229


1607203



1607204

