

1608001



1608002



1608003



1608004



1608101

160810114
160810123
160810127
160810129
160810130


1608102

160810212
160810213
160810214
160810216
160810219
160810221
160810227
160810228
160810230


1608103

160810310
160810318
160810324
160810326
160810328
160810329
160810330


1608104



1608201

160820112
160820113
160820116
160820119
160820123


1608202

160820216
160820219
160820223
160820230


1608203

160820315
160820316
160820320
160820323
160820325
160820326


1608204

160820411
160820413
160820416
160820417
160820421
160820422
160820427
160820429
160820430
