

1611001



1611002



1611003



1611004



1611101

161110111
161110112
161110114
161110115
161110116
161110118
161110119
161110125
161110129
161110130


1611102

161110211
161110213
161110216
161110217
161110219
161110220
161110223
161110224
161110229
161110230


1611103

161110313
161110314
161110315
161110316
161110323
161110327


1611104

161110411
161110416
161110417
161110418
161110419
161110423
161110425
161110426
161110428
161110429
161110430


1611201



1611202



1611203



1611204

