

1613001



1613002



1613003



1613004



1613101

161310110
161310111
161310114
161310116
161310122
161310123
161310130


1613102

161310210
161310212
161310213
161310214
161310218
161310219
161310220
161310228
161310229


1613103

161310311
161310313
161310314
161310316
161310321
161310326
161310327


1613104

161310410
161310421
161310427
161310430


1613201

161320110
161320112
161320116
161320118
161320119
161320120
161320125
161320127
161320128


1613202

161320212
161320214
161320219
161320221
161320226
161320228
161320229


1613203

161320311
161320313
161320316
161320317
161320319
161320322
161320323
161320325
161320327
161320328


1613204

161320410
161320412
161320414
161320417
161320419
161320423
161320425
161320426
161320427
161320428
161320430
