

1701001



1701002



1701003



1701004



1701101



1701102



1701103



1701104



1701201

170120113
170120115
170120120
170120121
170120122
170120123
170120128


1701202

170120210
170120211
170120212
170120214
170120215
170120218
170120219
170120220
170120221
170120223
170120224
170120226


1701203

170120310
170120311
170120314
170120316
170120318
170120322
170120323
170120325
170120327
170120330


1701204

170120410
170120411
170120412
170120413
170120421
170120424
170120425
170120428
