

1702001

170200116
170200117
170200121
170200125
170200126
170200127
170200130


1702002

170200213
170200214
170200219
170200223
170200224
170200225
170200228
170200230


1702003

170200310
170200314
170200317
170200320
170200326
170200329


1702004

170200410
170200411
170200414
170200417
170200420
170200421
170200423
170200425
170200426
170200427
170200428
170200429


1702101

170210111
170210115
170210119
170210127


1702102

170210210
170210212
170210213
170210215
170210219
170210222
170210224
170210225
170210226


1702103

170210311
170210317
170210319
170210320
170210321
170210322
170210324
170210328
170210330


1702104



1702201

170220112
170220123
170220127


1702202

170220210
170220213
170220216
170220217
170220221
170220224
170220225
170220226
170220227
170220228
170220229


1702203

170220311
170220312
170220316
170220318
170220319
170220322
170220326
170220330


1702204

