

1707001

170700110
170700111
170700112
170700118
170700120


1707002

170700216
170700218
170700220
170700221


1707003

170700312
170700317
170700321
170700322


1707004



1707101

170710111
170710112
170710114
170710121
170710124


1707102

170710211
170710213
170710215
170710220
170710224
170710229


1707103

170710310
170710312
170710316
170710318
170710319
170710320
170710323
170710325
170710327
170710328
170710330


1707104



1707201

170720110
170720113
170720114
170720118
170720123
170720125
170720126
170720127
170720129
170720130


1707202

170720210
170720213
170720217
170720220
170720226
170720227
170720229


1707203



1707204

