

1708001



1708002



1708003



1708004



1708101

170810119
170810127
170810129
170810130


1708102

170810210
170810212
170810214
170810219
170810220
170810222
170810227
170810230


1708103

170810311
170810313
170810317
170810321
170810322
170810324
170810325
170810329
170810330


1708104



1708201

170820110
170820113
170820114
170820120
170820124
170820126
170820129


1708202

170820210
170820213
170820214
170820215
170820216
170820217
170820220
170820224
170820226
170820227
170820230


1708203

170820315
170820317
170820319
170820321
170820323
170820325
170820329


1708204

170820411
170820413
170820418
170820421
170820422
170820423
170820424
170820425
170820427
170820429
