

1711001



1711002



1711003



1711004



1711101

171110110
171110111
171110112
171110114
171110118
171110126
171110128
171110129
171110130


1711102

171110210
171110211
171110213
171110214
171110215
171110217
171110223
171110225
171110227
171110229


1711103

171110310
171110313
171110314
171110316
171110317
171110318
171110323
171110324
171110325
171110327
171110329


1711104

171110410
171110412
171110413
171110415
171110416
171110419
171110420
171110423
171110428
171110429
171110430


1711201



1711202



1711203



1711204

