

1801001



1801002



1801003



1801004



1801101



1801102



1801103



1801104



1801201

180120110
180120111
180120112
180120113
180120114
180120115
180120116
180120117
180120118
180120119
180120120
180120121
180120122
180120123
180120124
180120125
180120126
180120127
180120128


1801202

180120210
180120211
180120212
180120213
180120214
180120215
180120216
180120217
180120218
180120219
180120220
180120221
180120222
180120223
180120224
180120225
180120226
180120228
180120229


1801203

180120310
180120311
180120312
180120313
180120314
180120315
180120316
180120317
180120318
180120319
180120320
180120321
180120322
180120323
180120324
180120325
180120326
180120327
180120328
180120329


1801204

180120410
180120411
180120412
180120413
180120414
180120415
180120416
180120417
180120419
180120420
180120421
180120422
180120423
180120424
180120425
180120426
180120427
180120428
180120429
