

1802001

180200110
180200111
180200112
180200113
180200114
180200115
180200116
180200117
180200118
180200120
180200121
180200122
180200123
180200124
180200125
180200126
180200127
180200128
180200129
180200130


1802002

180200210
180200211
180200212
180200214
180200215
180200216
180200217
180200218
180200219
180200220
180200221
180200222
180200223
180200224
180200225
180200226
180200227
180200228
180200229
180200230


1802003

180200310
180200311
180200312
180200313
180200314
180200315
180200316
180200317
180200318
180200319
180200320
180200322
180200323
180200324
180200325
180200326
180200327
180200329
180200330


1802004

180200410
180200411
180200412
180200413
180200414
180200415
180200416
180200417
180200418
180200419
180200420
180200421
180200422
180200423
180200424
180200425
180200426
180200427
180200428
180200429
180200430


1802101

180210110
180210111
180210112
180210113
180210114
180210115
180210116
180210117
180210118
180210119
180210120
180210121
180210122
180210123
180210124
180210125
180210126
180210127
180210128
180210129
180210130


1802102

180210210
180210211
180210212
180210213
180210214
180210215
180210216
180210217
180210218
180210219
180210220
180210221
180210222
180210223
180210224
180210225
180210226
180210227
180210229
180210230


1802103

180210310
180210311
180210312
180210313
180210314
180210315
180210316
180210317
180210318
180210320
180210321
180210322
180210324
180210325
180210326
180210327
180210328
180210329


1802104



1802201

180220110
180220111
180220112
180220113
180220114
180220115
180220116
180220117
180220118
180220119
180220120
180220121
180220122
180220123
180220124
180220125
180220126
180220127
180220128
180220129
180220130


1802202

180220210
180220212
180220213
180220214
180220215
180220216
180220217
180220218
180220219
180220220
180220221
180220222
180220224
180220225
180220226
180220228
180220229
180220230


1802203

180220310
180220311
180220312
180220313
180220314
180220315
180220317
180220318
180220319
180220320
180220321
180220322
180220323
180220324
180220326
180220327
180220328
180220329
180220330


1802204

