

1803001

180300110
180300111
180300112
180300113
180300114
180300115
180300116
180300117
180300118
180300119
180300120
180300121
180300122
180300123
180300124
180300125
180300126
180300128


1803002

180300210
180300211
180300212
180300213
180300214
180300215
180300216
180300217
180300218
180300219
180300220
180300221
180300222
180300223
180300224
180300225
180300226
180300227
180300228


1803003

180300310
180300311
180300312
180300313
180300314
180300315
180300316
180300317
180300319
180300320
180300321
180300323
180300324
180300325
180300326
180300327
180300328


1803004

180300410
180300411
180300412
180300413
180300414
180300415
180300416
180300417
180300418
180300419
180300420
180300421
180300423
180300424
180300425
180300426


1803101



1803102



1803103



1803104



1803201



1803202



1803203



1803204

