

1804001

180400110
180400111
180400112
180400113
180400114
180400115
180400116
180400117
180400118
180400119
180400120
180400121
180400122
180400123
180400124
180400125
180400126
180400127
180400128
180400129


1804002

180400210
180400211
180400212
180400213
180400214
180400215
180400216
180400217
180400218
180400219
180400220
180400221
180400222
180400223
180400224
180400225
180400226
180400227
180400228
180400229


1804003

180400310
180400311
180400312
180400313
180400314
180400315
180400316
180400317
180400319
180400320
180400321
180400322
180400323
180400324
180400325
180400326
180400327
180400328
180400329


1804004

180400410
180400412
180400413
180400415
180400416
180400417
180400418
180400419
180400420
180400421
180400422
180400423
180400424
180400425
180400426
180400427
180400428


1804101



1804102



1804103



1804104



1804201



1804202



1804203



1804204

