

1806001

180600110
180600111
180600112
180600113
180600114
180600115
180600116
180600117
180600118
180600119
180600120
180600121
180600122
180600123
180600124
180600125
180600126
180600127
180600128
180600129
180600130


1806002

180600210
180600211
180600212
180600213
180600214
180600215
180600216
180600218
180600219
180600220
180600221
180600222
180600223
180600224
180600225
180600226
180600227
180600228
180600229
180600230


1806003

180600311
180600312
180600313
180600314
180600315
180600316
180600317
180600318
180600319
180600320
180600321
180600322
180600323
180600324
180600326
180600327
180600329
180600330


1806004



1806101



1806102



1806103



1806104



1806201



1806202



1806203



1806204

