

1807001



1807002



1807003



1807004



1807101

180710110
180710111
180710112
180710113
180710114
180710115
180710116
180710117
180710119
180710121
180710122
180710123
180710124
180710125
180710126
180710127
180710128
180710129
180710130


1807102

180710210
180710212
180710213
180710214
180710215
180710216
180710217
180710218
180710219
180710220
180710221
180710222
180710223
180710224
180710225
180710226
180710227
180710228
180710229
180710230


1807103

180710310
180710311
180710312
180710313
180710314
180710315
180710316
180710317
180710318
180710319
180710320
180710321
180710322
180710323
180710324
180710325
180710326
180710328
180710329
180710330


1807104



1807201

180720110
180720111
180720112
180720113
180720114
180720115
180720116
180720117
180720118
180720119
180720120
180720121
180720123
180720124
180720125
180720126
180720127
180720128
180720130


1807202

180720210
180720211
180720212
180720213
180720214
180720216
180720217
180720218
180720219
180720220
180720221
180720222
180720224
180720225
180720227
180720228
180720229
180720230


1807203

180720310
180720311
180720312
180720313
180720314
180720315
180720316
180720317
180720318
180720319
180720320
180720321
180720322
180720323
180720324
180720325
180720326
180720327
180720328
180720329
180720330


1807204

