

1808001



1808002



1808003



1808004



1808101

180810110
180810112
180810114
180810115
180810116
180810117
180810118
180810119
180810120
180810121
180810122
180810123
180810124
180810125
180810126
180810127
180810129
180810130


1808102

180810210
180810211
180810212
180810213
180810214
180810215
180810216
180810217
180810218
180810219
180810220
180810222
180810223
180810225
180810226
180810227
180810228
180810229
180810230


1808103

180810310
180810311
180810312
180810313
180810314
180810315
180810316
180810317
180810318
180810319
180810320
180810321
180810322
180810323
180810324
180810325
180810326
180810328
180810329
180810330


1808104



1808201

180820110
180820111
180820112
180820113
180820114
180820115
180820116
180820117
180820118
180820119
180820120
180820121
180820122
180820123
180820124
180820125
180820126
180820128
180820129
180820130


1808202

180820210
180820211
180820212
180820213
180820215
180820216
180820217
180820218
180820219
180820220
180820221
180820222
180820223
180820224
180820225
180820226
180820227
180820228
180820229
180820230


1808203

180820310
180820311
180820312
180820314
180820315
180820316
180820317
180820318
180820319
180820320
180820321
180820322
180820324
180820325
180820326
180820327
180820328
180820329
180820330


1808204

180820411
180820412
180820413
180820414
180820415
180820416
180820417
180820418
180820419
180820420
180820421
180820422
180820423
180820424
180820425
180820426
180820428
180820429
