

1810001



1810002



1810003



1810004



1810101



1810102



1810103



1810104



1810201

181020110
181020111
181020112
181020113
181020114
181020115
181020116
181020117
181020118
181020119
181020120
181020121
181020122
181020123
181020124
181020125
181020126
181020127
181020128
181020129
181020130


1810202

181020210
181020211
181020212
181020213
181020214
181020215
181020216
181020217
181020218
181020219
181020220
181020221
181020222
181020223
181020224
181020225
181020226
181020227
181020228
181020229


1810203



1810204

