

1811001



1811002



1811003



1811004



1811101

181110110
181110111
181110112
181110113
181110114
181110115
181110116
181110117
181110118
181110119
181110120
181110121
181110122
181110123
181110124
181110125
181110126
181110127
181110128
181110129
181110130


1811102

181110210
181110211
181110212
181110213
181110214
181110215
181110216
181110217
181110218
181110219
181110220
181110221
181110222
181110223
181110224
181110225
181110226
181110227
181110228
181110229
181110230


1811103

181110310
181110311
181110312
181110313
181110314
181110315
181110316
181110317
181110318
181110319
181110320
181110321
181110322
181110323
181110326
181110327
181110328
181110329
181110330


1811104

181110410
181110411
181110412
181110413
181110414
181110415
181110416
181110417
181110418
181110419
181110420
181110421
181110422
181110423
181110425
181110426
181110427
181110428
181110429
181110430


1811201



1811202



1811203



1811204

