

1812001



1812002



1812003



1812004



1812101

181210110
181210111
181210112
181210113
181210114
181210115
181210116
181210117
181210118
181210119
181210120
181210122
181210123
181210124
181210125
181210126
181210127
181210128
181210129
181210130


1812102

181210210
181210211
181210212
181210213
181210214
181210215
181210216
181210217
181210218
181210219
181210220
181210221
181210222
181210223
181210224
181210225
181210226
181210227
181210228
181210229
181210230


1812103

181210310
181210311
181210312
181210313
181210314
181210315
181210316
181210317
181210318
181210319
181210320
181210321
181210322
181210323
181210324
181210325
181210326
181210327
181210328
181210329
181210330


1812104

181210410
181210411
181210412
181210413
181210415
181210416
181210417
181210418
181210419
181210420
181210421
181210422
181210423
181210424
181210425
181210426
181210427
181210428
181210429
181210430


1812201



1812202



1812203



1812204

