

1813001



1813002



1813003



1813004



1813101

181310110
181310111
181310112
181310113
181310114
181310115
181310116
181310117
181310118
181310119
181310120
181310121
181310122
181310123
181310124
181310125
181310126
181310127
181310128
181310129
181310130


1813102

181310210
181310211
181310212
181310213
181310214
181310215
181310216
181310217
181310218
181310219
181310220
181310221
181310222
181310223
181310224
181310225
181310226
181310227
181310228
181310229
181310230


1813103

181310310
181310311
181310312
181310313
181310315
181310316
181310317
181310318
181310319
181310320
181310321
181310322
181310323
181310324
181310325
181310326
181310327
181310328
181310329
181310330


1813104

181310410
181310411
181310412
181310413
181310414
181310415
181310417
181310418
181310420
181310421
181310422
181310423
181310424
181310425
181310426
181310427
181310428
181310429
181310430


1813201

181320110
181320111
181320112
181320114
181320115
181320116
181320117
181320118
181320119
181320120
181320121
181320122
181320123
181320125
181320126
181320127
181320128
181320129
181320130


1813202

181320211
181320212
181320213
181320214
181320215
181320216
181320217
181320218
181320219
181320220
181320221
181320222
181320223
181320224
181320225
181320226
181320227
181320228
181320229
181320230


1813203

181320310
181320311
181320312
181320313
181320314
181320315
181320316
181320317
181320318
181320319
181320320
181320321
181320322
181320323
181320324
181320325
181320326
181320327
181320330


1813204

181320410
181320411
181320412
181320413
181320414
181320415
181320416
181320417
181320418
181320419
181320421
181320422
181320423
181320424
181320425
181320426
181320427
181320428
181320429
181320430
